Cluster id: 0 - size: 179 --> [0, 1, 3, 5, 7, 15, 16, 17, 18, 24, 26, 33, 37, 38, 40, 45, 48, 50, 52, 55, 56, 57, 58, 62, 63, 64, 68, 69, 71, 74, 77, 78, 85, 87, 89, 90, 91, 98, 100, 105, 108, 110, 111, 115, 117, 124, 125, 127, 132, 138, 140, 145, 150, 151, 156, 158, 159, 162, 163, 166, 169, 172, 177, 181, 186, 188, 194, 195, 201, 203, 205, 206, 212, 213, 214, 219, 226, 232, 233, 242, 244, 245, 250, 252, 253, 254, 262, 263, 268, 272, 276, 279, 280, 283, 285, 287, 288, 289, 290, 292, 294, 297, 299, 301, 303, 308, 311, 313, 319, 323, 324, 328, 336, 344, 346, 348, 350, 352, 361, 362, 367, 372, 373, 374, 375, 382, 383, 384, 387, 390, 393, 397, 401, 404, 410, 414, 418, 422, 427, 433, 434, 435, 439, 441, 442, 443, 446, 447, 451, 453, 454, 455, 456, 471, 472, 473, 474, 483, 487, 488, 490, 491, 494, 496, 498, 499, 500, 501, 504, 514, 516, 520, 521, 530, 532, 537, 538, 541, 547]

Cluster id: 1 - size: 30 --> [0, 35, 48, 56, 63, 90, 115, 125, 126, 127, 144, 150, 168, 181, 216, 244, 321, 328, 346, 348, 384, 442, 443, 451, 457, 472, 488, 515, 533, 547]

representativa 01: 490.40819184464823 622.7374652060621      453.91209033908115 593.8435265963826      420.8220385108194 563.440037833265      394.7046237377113 536.8365613599877      371.02729131373434 499.26169622346254      353.68380052063867 467.94593912485897   

Cluster id: 2 - size: 211 --> [0, 6, 8, 9, 12, 13, 17, 18, 20, 22, 25, 26, 29, 31, 34, 36, 37, 39, 41, 47, 48, 51, 58, 60, 63, 66, 69, 70, 73, 74, 75, 82, 84, 85, 86, 88, 90, 91, 92, 93, 95, 96, 101, 103, 108, 114, 115, 116, 122, 126, 129, 133, 134, 136, 139, 140, 141, 142, 144, 148, 150, 151, 154, 156, 159, 162, 165, 168, 172, 173, 174, 176, 178, 179, 180, 181, 184, 185, 187, 189, 190, 191, 194, 195, 196, 202, 206, 208, 209, 211, 216, 220, 222, 224, 225, 226, 235, 236, 237, 238, 241, 243, 244, 247, 248, 249, 253, 254, 255, 257, 260, 265, 267, 269, 270, 278, 281, 284, 292, 299, 300, 304, 307, 308, 309, 310, 311, 312, 313, 315, 317, 318, 321, 325, 327, 330, 331, 335, 336, 337, 338, 340, 342, 348, 349, 350, 351, 353, 358, 361, 362, 363, 364, 368, 375, 382, 388, 395, 398, 401, 403, 406, 408, 410, 411, 421, 426, 429, 430, 431, 432, 436, 439, 443, 449, 450, 451, 459, 461, 463, 464, 465, 466, 467, 468, 469, 472, 474, 475, 479, 481, 483, 487, 491, 493, 497, 502, 503, 504, 508, 511, 512, 515, 516, 518, 519, 528, 531, 533, 537, 546]
Cluster id: 3 - size: 21 --> [20, 30, 119, 146, 152, 180, 192, 195, 200, 303, 349, 350, 363, 375, 431, 447, 461, 493, 504, 513, 524]
Cluster id: 5 - size: 18 --> [39, 46, 48, 52, 56, 57, 116, 122, 202, 247, 248, 351, 358, 402, 450, 455, 488, 490]

Cluster id: 9 - size: 9 --> [72, 117, 118, 125, 182, 408, 430, 442, 509]

Rep 9: 394.89544550190715 501.479434629282      454.82305204436926 413.7995998040153      486.8536575206517 368.1239054065919   
